Spectrum Analyzer Data File
2022-04-28 22:36:48

Frequency (Hz), dB
0.0000000,-90.309
43.0664063,-50.51581
86.1328125,-52.27246
129.1992188,-43.745262
172.2656250,-28.567421
215.3320313,-39.928894
258.3984375,-35.9117
301.4648438,-38.675148
344.5312500,-42.194344
387.5976563,-34.23664
430.6640625,-34.698242
473.7304688,-26.987617
516.7968750,-41.156696
559.8632813,-28.959381
602.9296875,-35.61361
645.9960938,-32.149464
689.0625000,-34.239475
732.1289063,-33.5816
775.1953125,-35.437935
818.2617188,-36.792515
861.3281250,-31.322697
904.3945313,-30.411697
947.4609375,-41.012833
990.5273438,-50.47289
1033.5937500,-35.52743
1076.6601563,-33.421127
1119.7265625,-35.093666
1162.7929688,-35.18489
1205.8593750,-38.754772
1248.9257813,-35.54186
1291.9921875,-39.881744
1335.0585938,-33.978874
1378.1250000,-23.932564
1421.1914063,-30.99295
1464.2578125,-39.63635
1507.3242188,-35.044617
1550.3906250,-31.034264
1593.4570313,-36.545002
1636.5234375,-36.113647
1679.5898438,-38.39638
1722.6562500,-33.850864
1765.7226563,-32.06048
1808.7890625,-35.976795
1851.8554688,-31.799156
1894.9218750,-30.18306
1937.9882813,-24.436325
1981.0546875,-30.444592
2024.1210938,-48.65644
2067.1875000,-27.440609
2110.2539063,-30.683643
2153.3203125,-26.502735
2196.3867188,-26.731037
2239.4531250,-27.215889
2282.5195313,-27.933323
2325.5859375,-32.17768
2368.6523438,-34.278664
2411.7187500,-23.795486
2454.7851563,-39.57858
2497.8515625,-30.434296
2540.9179688,-30.62273
2583.9843750,-38.36225
2627.0507813,-31.902493
2670.1171875,-38.72913
2713.1835938,-35.75459
2756.2500000,-51.253258
2799.3164063,-28.963749
2842.3828125,-43.39293
2885.4492188,-33.390713
2928.5156250,-27.831581
2971.5820313,-26.09613
3014.6484375,-35.157497
3057.7148438,-31.66298
3100.7812500,-36.18547
3143.8476563,-40.09569
3186.9140625,-28.31297
3229.9804688,-33.95707
3273.0468750,-36.96947
3316.1132813,-30.759792
3359.1796875,-36.377686
3402.2460938,-34.661747
3445.3125000,-40.085228
3488.3789063,-35.26045
3531.4453125,-33.684692
3574.5117188,-39.907757
3617.5781250,-27.9907
3660.6445313,-35.25644
3703.7109375,-35.60254
3746.7773438,-47.98493
3789.8437500,-46.32363
3832.9101563,-37.915703
3875.9765625,-35.10358
3919.0429688,-41.220146
3962.1093750,-36.133114
4005.1757813,-42.252697
4048.2421875,-38.30763
4091.3085938,-41.48638
4134.3750000,-36.927364
4177.4414063,-34.669064
4220.5078125,-37.515682
4263.5742188,-40.996964
4306.6406250,-31.424152
4349.7070313,-33.540394
4392.7734375,-43.9685
4435.8398438,-37.20861
4478.9062500,-32.98017
4521.9726563,-40.444508
4565.0390625,-34.611378
4608.1054688,-42.96115
4651.1718750,-30.819359
4694.2382813,-37.570854
4737.3046875,-42.197624
4780.3710938,-31.117199
4823.4375000,-39.79218
4866.5039063,-33.410213
4909.5703125,-39.341843
4952.6367188,-33.455616
4995.7031250,-32.222057
5038.7695313,-37.227657
5081.8359375,-35.282043
5124.9023438,-32.204784
5167.9687500,-32.100105
5211.0351563,-35.58247
5254.1015625,-55.351936
5297.1679688,-30.326038
5340.2343750,-40.6582
5383.3007813,-26.551949
5426.3671875,-35.038193
5469.4335938,-47.004303
5512.5000000,-41.45444
5555.5664063,-29.650017
5598.6328125,-37.4589
5641.6992188,-31.74578
5684.7656250,-32.767117
5727.8320313,-34.90665
5770.8984375,-26.198166
5813.9648438,-27.022453
5857.0312500,-43.16228
5900.0976563,-36.38639
5943.1640625,-36.5281
5986.2304688,-32.66592
6029.2968750,-35.596836
6072.3632813,-28.297329
6115.4296875,-28.469486
6158.4960938,-33.924217
6201.5625000,-31.074211
6244.6289063,-34.492558
6287.6953125,-33.717686
6330.7617188,-32.52914
6373.8281250,-42.87142
6416.8945313,-41.175457
6459.9609375,-38.51383
6503.0273438,-34.29761
6546.0937500,-34.08218
6589.1601563,-31.945633
6632.2265625,-30.645538
6675.2929688,-24.068535
6718.3593750,-32.797394
6761.4257813,-25.070961
6804.4921875,-28.930538
6847.5585938,-30.65247
6890.6250000,-27.760536
6933.6914063,-62.78879
6976.7578125,-30.5882
7019.8242188,-27.533089
7062.8906250,-26.897888
7105.9570313,-28.675346
7149.0234375,-30.722923
7192.0898438,-38.070415
7235.1562500,-27.661674
7278.2226563,-37.75783
7321.2890625,-31.440243
7364.3554688,-26.05642
7407.4218750,-38.75171
7450.4882813,-29.684158
7493.5546875,-24.827354
7536.6210938,-30.290482
7579.6875000,-32.307003
7622.7539063,-25.869919
7665.8203125,-30.122013
7708.8867188,-33.18556
7751.9531250,-32.260654
7795.0195313,-45.122627
7838.0859375,-32.29524
7881.1523438,-33.900394
7924.2187500,-26.403625
7967.2851563,-35.31308
8010.3515625,-29.742447
8053.4179688,-30.715939
8096.4843750,-38.210587
8139.5507813,-37.883053
8182.6171875,-38.662586
8225.6835938,-42.319218
8268.7500000,-43.58121
8311.8164063,-38.566856
8354.8828125,-35.825237
8397.9492188,-38.124615
8441.0156250,-43.288204
8484.0820313,-41.63399
8527.1484375,-43.74118
8570.2148438,-48.671417
8613.2812500,-49.78849
8656.3476563,-42.995255
8699.4140625,-38.88794
8742.4804688,-51.62831
8785.5468750,-34.668354
8828.6132813,-42.511494
8871.6796875,-47.005177
8914.7460938,-38.265953
8957.8125000,-42.40239
9000.8789063,-42.007477
9043.9453125,-43.79094
9087.0117188,-47.337486
9130.0781250,-45.859383
9173.1445313,-39.169033
9216.2109375,-47.53591
9259.2773438,-39.94361
9302.3437500,-43.529854
9345.4101563,-59.537212
9388.4765625,-40.96211
9431.5429688,-45.60242
9474.6093750,-50.13082
9517.6757813,-41.712738
9560.7421875,-50.91659
9603.8085938,-41.128998
9646.8750000,-43.742348
9689.9414063,-56.84378
9733.0078125,-44.73061
9776.0742188,-43.818413
9819.1406250,-50.34806
9862.2070313,-42.216335
9905.2734375,-40.064777
9948.3398438,-42.67415
9991.4062500,-48.00969
10034.4726563,-44.231907
10077.5390625,-43.682476
10120.6054688,-66.15523
10163.6718750,-41.171627
10206.7382813,-40.012535
10249.8046875,-45.82658
10292.8710938,-41.123077
10335.9375000,-50.68668
10379.0039063,-44.280758
10422.0703125,-47.25699
10465.1367188,-40.551434
10508.2031250,-49.400146
10551.2695313,-43.750576
10594.3359375,-44.8906
10637.4023438,-54.24814
10680.4687500,-60.097992
10723.5351563,-48.03789
10766.6015625,-45.75665
10809.6679688,-43.726086
10852.7343750,-41.033215
10895.8007813,-42.499146
10938.8671875,-53.291374
10981.9335938,-54.32496
11025.0000000,-45.338535
11068.0664063,-54.26848
11111.1328125,-49.65358
11154.1992188,-43.0644
11197.2656250,-53.696938
11240.3320313,-56.297935
11283.3984375,-44.91607
11326.4648438,-54.26237
11369.5312500,-43.006798
11412.5976563,-48.680847
11455.6640625,-69.12032
11498.7304688,-47.018787
11541.7968750,-56.36311
11584.8632813,-47.404953
11627.9296875,-48.77677
11670.9960938,-57.35298
11714.0625000,-59.94875
11757.1289063,-46.293777
11800.1953125,-53.31798
11843.2617188,-42.96932
11886.3281250,-52.007973
11929.3945313,-61.99301
11972.4609375,-53.731785
12015.5273438,-44.60205
12058.5937500,-50.75499
12101.6601563,-64.971954
12144.7265625,-56.825638
12187.7929688,-52.101334
12230.8593750,-48.84004
12273.9257813,-52.417904
12316.9921875,-57.840282
12360.0585938,-45.636124
12403.1250000,-48.541656
12446.1914063,-55.340153
12489.2578125,-47.54831
12532.3242188,-43.702625
12575.3906250,-51.08383
12618.4570313,-55.37941
12661.5234375,-53.11713
12704.5898438,-46.804104
12747.6562500,-55.775524
12790.7226563,-53.39628
12833.7890625,-51.746304
12876.8554688,-52.59103
12919.9218750,-49.96045
12962.9882813,-49.699963
13006.0546875,-49.148872
13049.1210938,-47.119827
13092.1875000,-54.589745
13135.2539063,-57.87469
13178.3203125,-46.38389
13221.3867188,-54.259953
13264.4531250,-48.109547
13307.5195313,-51.19907
13350.5859375,-53.55355
13393.6523438,-62.221416
13436.7187500,-49.18944
13479.7851563,-50.914196
13522.8515625,-65.341095
13565.9179688,-45.283035
13608.9843750,-70.25666
13652.0507813,-48.683746
13695.1171875,-57.816402
13738.1835938,-54.02815
13781.2500000,-44.43083
13824.3164063,-47.955536
13867.3828125,-48.93915
13910.4492188,-60.021156
13953.5156250,-57.476696
13996.5820313,-52.595177
14039.6484375,-45.693756
14082.7148438,-50.271603
14125.7812500,-53.730682
14168.8476563,-50.780315
14211.9140625,-47.576996
14254.9804688,-48.233498
14298.0468750,-47.669384
14341.1132813,-49.546124
14384.1796875,-47.84186
14427.2460938,-59.268814
14470.3125000,-53.960007
14513.3789063,-71.07469
14556.4453125,-54.50868
14599.5117188,-51.575394
14642.5781250,-57.067623
14685.6445313,-54.204712
14728.7109375,-45.968338
14771.7773438,-55.1411
14814.8437500,-53.08244
14857.9101563,-52.257763
14900.9765625,-50.962513
14944.0429688,-48.39716
14987.1093750,-60.927025
15030.1757813,-48.589115
15073.2421875,-53.01793
15116.3085938,-59.534286
15159.3750000,-48.93099
15202.4414063,-47.31303
15245.5078125,-58.832092
15288.5742188,-55.41964
15331.6406250,-46.890995
15374.7070313,-52.283962
15417.7734375,-45.9413
15460.8398438,-65.403595
15503.9062500,-53.37168
15546.9726563,-48.19612
15590.0390625,-47.1747
15633.1054688,-49.4734
15676.1718750,-74.625534
15719.2382813,-46.92912
15762.3046875,-47.668068
15805.3710938,-56.90557
15848.4375000,-45.502148
15891.5039063,-46.59554
15934.5703125,-68.74412
15977.6367188,-60.570168
16020.7031250,-51.11243
16063.7695313,-50.538483
16106.8359375,-57.388527
16149.9023438,-51.72845
16192.9687500,-52.011185
16236.0351563,-71.758896
16279.1015625,-48.86104
16322.1679688,-48.09267
16365.2343750,-58.136818
16408.3007813,-49.038322
16451.3671875,-50.675903
16494.4335938,-49.64053
16537.5000000,-52.110752
16580.5664063,-51.19811
16623.6328125,-47.98514
16666.6992188,-49.87369
16709.7656250,-47.618168
16752.8320313,-44.646004
16795.8984375,-49.39853
16838.9648438,-50.286793
16882.0312500,-47.972458
16925.0976563,-46.83165
16968.1640625,-50.66395
17011.2304688,-48.44692
17054.2968750,-52.49854
17097.3632813,-47.54572
17140.4296875,-54.80194
17183.4960938,-50.924618
17226.5625000,-48.031055
17269.6289063,-51.8635
17312.6953125,-48.910824
17355.7617188,-46.17959
17398.8281250,-52.91645
17441.8945313,-48.365635
17484.9609375,-50.072742
17528.0273438,-44.84975
17571.0937500,-48.370796
17614.1601563,-47.08138
17657.2265625,-60.664078
17700.2929688,-46.994694
17743.3593750,-47.68
17786.4257813,-52.59126
17829.4921875,-56.044353
17872.5585938,-72.46324
17915.6250000,-41.66475
17958.6914063,-45.231796
18001.7578125,-47.02434
18044.8242188,-52.63998
18087.8906250,-51.6147
18130.9570313,-47.815582
18174.0234375,-52.35722
18217.0898438,-49.98108
18260.1562500,-45.44833
18303.2226563,-58.518898
18346.2890625,-61.76467
18389.3554688,-46.06583
18432.4218750,-49.65231
18475.4882813,-51.61668
18518.5546875,-51.056564
18561.6210938,-48.546158
18604.6875000,-60.005608
18647.7539063,-48.444813
18690.8203125,-54.610985
18733.8867188,-61.39991
18776.9531250,-48.61799
18820.0195313,-51.68455
18863.0859375,-45.649307
18906.1523438,-49.449097
18949.2187500,-50.074562
18992.2851563,-48.621387
19035.3515625,-65.822296
19078.4179688,-49.34547
19121.4843750,-50.413326
19164.5507813,-56.427437
19207.6171875,-44.550106
19250.6835938,-59.94444
19293.7500000,-45.971638
19336.8164063,-48.7919
19379.8828125,-47.251125
19422.9492188,-51.6636
19466.0156250,-46.813152
19509.0820313,-46.987083
19552.1484375,-52.97735
19595.2148438,-48.624672
19638.2812500,-51.550682
19681.3476563,-47.189346
19724.4140625,-45.69994
19767.4804688,-48.378613
19810.5468750,-60.742012
19853.6132813,-50.24179
19896.6796875,-67.14068
19939.7460938,-59.35714
19982.8125000,-50.033207
20025.8789063,-58.349823
20068.9453125,-51.34258
20112.0117188,-57.698547
20155.0781250,-54.08619
20198.1445313,-46.689556
20241.2109375,-52.022274
20284.2773438,-64.52391
20327.3437500,-50.87085
20370.4101563,-52.309586
20413.4765625,-61.70936
20456.5429688,-67.44441
20499.6093750,-55.57289
20542.6757813,-60.89147
20585.7421875,-61.530937
20628.8085938,-62.31996
20671.8750000,-58.369934
20714.9414063,-58.205894
20758.0078125,-54.675205
20801.0742188,-63.15055
20844.1406250,-68.07137
20887.2070313,-64.54365
20930.2734375,-64.61302
20973.3398438,-69.67176
21016.4062500,-63.19178
21059.4726563,-80.42199
21102.5390625,-79.98961
21145.6054688,-62.920246
21188.6718750,-65.4042
21231.7382813,-81.99362
21274.8046875,-69.65901
21317.8710938,-69.28529
21360.9375000,-58.030685
21404.0039063,-70.49253
21447.0703125,-71.75335
21490.1367188,-66.15169
21533.2031250,-71.26838
21576.2695313,-72.1031
21619.3359375,-71.83507
21662.4023438,-75.56145
21705.4687500,-92.43661
21748.5351563,-81.01014
21791.6015625,-80.23316
21834.6679688,-76.06563
21877.7343750,-79.83887
21920.8007813,-80.98938
21963.8671875,-83.204254
22006.9335938,-78.32387


Time (s), Raw data
0.0000000,16.000
0.0000227,15.000
0.0000454,21.000
0.0000680,0.000
0.0000907,-10.000
0.0001134,5.000
0.0001361,-13.000
0.0001587,-7.000
0.0001814,-7.000
0.0002041,-26.000
0.0002268,21.000
0.0002494,21.000
0.0002721,10.000
0.0002948,22.000
0.0003175,-13.000
0.0003401,-11.000
0.0003628,-5.000
0.0003855,-9.000
0.0004082,6.000
0.0004308,-19.000
0.0004535,-16.000
0.0004762,0.000
0.0004989,0.000
0.0005215,25.000
0.0005442,11.000
0.0005669,-7.000
0.0005896,8.000
0.0006122,24.000
0.0006349,30.000
0.0006576,21.000
0.0006803,-13.000
0.0007029,-35.000
0.0007256,-19.000
0.0007483,3.000
0.0007710,18.000
0.0007937,16.000
0.0008163,-5.000
0.0008390,-33.000
0.0008617,-29.000
0.0008844,-6.000
0.0009070,20.000
0.0009297,17.000
0.0009524,-8.000
0.0009751,-26.000
0.0009977,-12.000
0.0010204,-2.000
0.0010431,-27.000
0.0010658,-41.000
0.0010884,-55.000
0.0011111,-35.000
0.0011338,-24.000
0.0011565,1.000
0.0011791,26.000
0.0012018,23.000
0.0012245,9.000
0.0012472,1.000
0.0012698,-12.000
0.0012925,-10.000
0.0013152,-14.000
0.0013379,-50.000
0.0013605,-40.000
0.0013832,-24.000
0.0014059,2.000
0.0014286,-6.000
0.0014512,-17.000
0.0014739,-30.000
0.0014966,-16.000
0.0015193,-6.000
0.0015419,20.000
0.0015646,24.000
0.0015873,-6.000
0.0016100,-11.000
0.0016327,-11.000
0.0016553,17.000
0.0016780,11.000
0.0017007,9.000
0.0017234,-7.000
0.0017460,-14.000
0.0017687,-12.000
0.0017914,8.000
0.0018141,38.000
0.0018367,18.000
0.0018594,-4.000
0.0018821,-39.000
0.0019048,-36.000
0.0019274,-32.000
0.0019501,8.000
0.0019728,20.000
0.0019955,3.000
0.0020181,21.000
0.0020408,4.000
0.0020635,55.000
0.0020862,46.000
0.0021088,18.000
0.0021315,20.000
0.0021542,4.000
0.0021769,37.000
0.0021995,27.000
0.0022222,27.000
0.0022449,-12.000
0.0022676,-39.000
0.0022903,-18.000
0.0023129,0.000
0.0023356,28.000
0.0023583,-8.000
0.0023810,-11.000
0.0024036,-41.000
0.0024263,-26.000
0.0024490,11.000
0.0024717,26.000
0.0024943,37.000
0.0025170,-1.000
0.0025397,-3.000
0.0025624,0.000
0.0025850,37.000
0.0026077,31.000
0.0026304,23.000
0.0026531,1.000
0.0026757,-24.000
0.0026984,-15.000
0.0027211,-30.000
0.0027438,3.000
0.0027664,-9.000
0.0027891,-6.000
0.0028118,-17.000
0.0028345,-14.000
0.0028571,26.000
0.0028798,44.000
0.0029025,40.000
0.0029252,24.000
0.0029478,18.000
0.0029705,3.000
0.0029932,10.000
0.0030159,20.000
0.0030386,33.000
0.0030612,16.000
0.0030839,6.000
0.0031066,-25.000
0.0031293,-21.000
0.0031519,-10.000
0.0031746,21.000
0.0031973,21.000
0.0032200,-17.000
0.0032426,-8.000
0.0032653,-5.000
0.0032880,17.000
0.0033107,32.000
0.0033333,28.000
0.0033560,10.000
0.0033787,-7.000
0.0034014,13.000
0.0034240,42.000
0.0034467,33.000
0.0034694,38.000
0.0034921,12.000
0.0035147,-1.000
0.0035374,2.000
0.0035601,18.000
0.0035828,27.000
0.0036054,1.000
0.0036281,20.000
0.0036508,8.000
0.0036735,1.000
0.0036962,-4.000
0.0037188,-3.000
0.0037415,31.000
0.0037642,43.000
0.0037869,38.000
0.0038095,7.000
0.0038322,-21.000
0.0038549,-18.000
0.0038776,6.000
0.0039002,26.000
0.0039229,20.000
0.0039456,2.000
0.0039683,-9.000
0.0039909,-7.000
0.0040136,5.000
0.0040363,4.000
0.0040590,18.000
0.0040816,28.000
0.0041043,18.000
0.0041270,34.000
0.0041497,58.000
0.0041723,70.000
0.0041950,54.000
0.0042177,52.000
0.0042404,58.000
0.0042630,55.000
0.0042857,38.000
0.0043084,33.000
0.0043311,35.000
0.0043538,18.000
0.0043764,19.000
0.0043991,17.000
0.0044218,25.000
0.0044445,19.000
0.0044671,-6.000
0.0044898,-2.000
0.0045125,10.000
0.0045352,35.000
0.0045578,42.000
0.0045805,40.000
0.0046032,14.000
0.0046259,-4.000
0.0046485,-3.000
0.0046712,9.000
0.0046939,29.000
0.0047166,23.000
0.0047392,-12.000
0.0047619,0.000
0.0047846,7.000
0.0048073,10.000
0.0048299,9.000
0.0048526,-24.000
0.0048753,14.000
0.0048980,-8.000
0.0049206,14.000
0.0049433,7.000
0.0049660,-15.000
0.0049887,-8.000
0.0050114,-29.000
0.0050340,0.000
0.0050567,14.000
0.0050794,35.000
0.0051021,10.000
0.0051247,-43.000
0.0051474,-38.000
0.0051701,-22.000
0.0051928,12.000
0.0052154,36.000
0.0052381,13.000
0.0052608,10.000
0.0052835,17.000
0.0053061,6.000
0.0053288,-4.000
0.0053515,-5.000
0.0053742,-11.000
0.0053968,-7.000
0.0054195,4.000
0.0054422,3.000
0.0054649,-24.000
0.0054875,-55.000
0.0055102,-48.000
0.0055329,-39.000
0.0055556,-8.000
0.0055782,43.000
0.0056009,50.000
0.0056236,44.000
0.0056463,33.000
0.0056690,43.000
0.0056916,42.000
0.0057143,28.000
0.0057370,8.000
0.0057597,-6.000
0.0057823,1.000
0.0058050,16.000
0.0058277,11.000
0.0058504,-2.000
0.0058730,-20.000
0.0058957,-29.000
0.0059184,-8.000
0.0059411,-8.000
0.0059637,-14.000
0.0059864,2.000
0.0060091,18.000
0.0060318,9.000
0.0060544,0.000
0.0060771,2.000
0.0060998,-3.000
0.0061225,0.000
0.0061451,27.000
0.0061678,23.000
0.0061905,2.000
0.0062132,9.000
0.0062358,-3.000
0.0062585,-21.000
0.0062812,-2.000
0.0063039,-9.000
0.0063266,-41.000
0.0063492,-26.000
0.0063719,-23.000
0.0063946,-1.000
0.0064173,14.000
0.0064399,-12.000
0.0064626,-37.000
0.0064853,-32.000
0.0065080,-3.000
0.0065306,18.000
0.0065533,40.000
0.0065760,5.000
0.0065987,-11.000
0.0066213,-26.000
0.0066440,-14.000
0.0066667,-3.000
0.0066894,-6.000
0.0067120,-18.000
0.0067347,-49.000
0.0067574,-74.000
0.0067801,-51.000
0.0068027,-6.000
0.0068254,-13.000
0.0068481,-32.000
0.0068708,-75.000
0.0068934,-73.000
0.0069161,-45.000
0.0069388,-8.000
0.0069615,11.000
0.0069841,18.000
0.0070068,-4.000
0.0070295,-33.000
0.0070522,-8.000
0.0070749,9.000
0.0070975,21.000
0.0071202,3.000
0.0071429,-41.000
0.0071656,-48.000
0.0071882,-10.000
0.0072109,6.000
0.0072336,0.000
0.0072563,-25.000
0.0072789,-43.000
0.0073016,-29.000
0.0073243,-28.000
0.0073470,4.000
0.0073696,16.000
0.0073923,5.000
0.0074150,-10.000
0.0074377,-34.000
0.0074603,-23.000
0.0074830,-2.000
0.0075057,12.000
0.0075284,25.000
0.0075510,11.000
0.0075737,-22.000
0.0075964,-43.000
0.0076191,-53.000
0.0076417,-41.000
0.0076644,5.000
0.0076871,13.000
0.0077098,20.000
0.0077325,-17.000
0.0077551,-58.000
0.0077778,-41.000
0.0078005,-29.000
0.0078232,29.000
0.0078458,23.000
0.0078685,19.000
0.0078912,25.000
0.0079139,-23.000
0.0079365,-38.000
0.0079592,-22.000
0.0079819,6.000
0.0080046,13.000
0.0080272,-5.000
0.0080499,-24.000
0.0080726,-72.000
0.0080953,-48.000
0.0081179,-27.000
0.0081406,-48.000
0.0081633,-40.000
0.0081860,-66.000
0.0082086,-61.000
0.0082313,-39.000
0.0082540,-57.000
0.0082767,-20.000
0.0082993,-33.000
0.0083220,-48.000
0.0083447,-36.000
0.0083674,-58.000
0.0083901,-30.000
0.0084127,-7.000
0.0084354,-18.000
0.0084581,-30.000
0.0084808,-41.000
0.0085034,-56.000
0.0085261,-17.000
0.0085488,-9.000
0.0085715,-8.000
0.0085941,-19.000
0.0086168,-20.000
0.0086395,-23.000
0.0086622,-8.000
0.0086848,7.000
0.0087075,-21.000
0.0087302,-28.000
0.0087529,-30.000
0.0087755,-7.000
0.0087982,-13.000
0.0088209,-22.000
0.0088436,-33.000
0.0088662,-31.000
0.0088889,-16.000
0.0089116,-17.000
0.0089343,-25.000
0.0089569,-50.000
0.0089796,-29.000
0.0090023,-13.000
0.0090250,-4.000
0.0090477,-15.000
0.0090703,-17.000
0.0090930,-41.000
0.0091157,-43.000
0.0091384,-4.000
0.0091610,-10.000
0.0091837,-2.000
0.0092064,6.000
0.0092291,-21.000
0.0092517,-31.000
0.0092744,-29.000
0.0092971,-37.000
0.0093198,7.000
0.0093424,-2.000
0.0093651,8.000
0.0093878,-10.000
0.0094105,-25.000
0.0094331,0.000
0.0094558,-14.000
0.0094785,22.000
0.0095012,4.000
0.0095238,-14.000
0.0095465,-31.000
0.0095692,-52.000
0.0095919,-20.000
0.0096145,3.000
0.0096372,16.000
0.0096599,3.000
0.0096826,-13.000
0.0097053,-31.000
0.0097279,-19.000
0.0097506,-9.000
0.0097733,21.000
0.0097960,19.000
0.0098186,-14.000
0.0098413,-43.000
0.0098640,-17.000
0.0098867,21.000
0.0099093,22.000
0.0099320,49.000
0.0099547,27.000
0.0099774,24.000
0.0100000,9.000
0.0100227,-1.000
0.0100454,30.000
0.0100681,38.000
0.0100907,15.000
0.0101134,-2.000
0.0101361,-3.000
0.0101588,-4.000
0.0101814,-7.000
0.0102041,-11.000
0.0102268,-2.000
0.0102495,9.000
0.0102721,-14.000
0.0102948,-18.000
0.0103175,-19.000
0.0103402,18.000
0.0103628,55.000
0.0103855,38.000
0.0104082,22.000
0.0104309,-30.000
0.0104536,-32.000
0.0104762,-2.000
0.0104989,31.000
0.0105216,35.000
0.0105443,-6.000
0.0105669,-53.000
0.0105896,-66.000
0.0106123,-23.000
0.0106350,29.000
0.0106576,66.000
0.0106803,27.000
0.0107030,3.000
0.0107257,-20.000
0.0107483,-8.000
0.0107710,11.000
0.0107937,16.000
0.0108164,37.000
0.0108390,23.000
0.0108617,-1.000
0.0108844,-31.000
0.0109071,-7.000
0.0109297,-6.000
0.0109524,0.000
0.0109751,-4.000
0.0109978,-4.000
0.0110204,29.000
0.0110431,15.000
0.0110658,24.000
0.0110885,-7.000
0.0111112,-32.000
0.0111338,-25.000
0.0111565,-14.000
0.0111792,-9.000
0.0112019,-5.000
0.0112245,9.000
0.0112472,11.000
0.0112699,2.000
0.0112926,0.000
0.0113152,-11.000
0.0113379,-14.000
0.0113606,19.000
0.0113833,3.000
0.0114059,-3.000
0.0114286,-26.000
0.0114513,-30.000
0.0114740,-16.000
0.0114966,-11.000
0.0115193,-17.000
0.0115420,-57.000
0.0115647,-38.000
0.0115873,-25.000
0.0116100,9.000
0.0116327,34.000
0.0116554,10.000
0.0116780,-2.000
0.0117007,-11.000
0.0117234,6.000
0.0117461,13.000
0.0117688,12.000
0.0117914,-3.000
0.0118141,-30.000
0.0118368,-49.000
0.0118595,-35.000
0.0118821,-19.000
0.0119048,-2.000
0.0119275,-7.000
0.0119502,-22.000
0.0119728,-7.000
0.0119955,-2.000
0.0120182,1.000
0.0120409,-3.000
0.0120635,0.000
0.0120862,8.000
0.0121089,3.000
0.0121316,6.000
0.0121542,-4.000
0.0121769,-12.000
0.0121996,-32.000
0.0122223,-36.000
0.0122449,-12.000
0.0122676,-2.000
0.0122903,9.000
0.0123130,-12.000
0.0123356,-6.000
0.0123583,-19.000
0.0123810,-8.000
0.0124037,0.000
0.0124264,-25.000
0.0124490,-6.000
0.0124717,-19.000
0.0124944,-34.000
0.0125171,-37.000
0.0125397,-47.000
0.0125624,-49.000
0.0125851,-31.000
0.0126078,-24.000
0.0126304,-14.000
0.0126531,-29.000
0.0126758,-40.000
0.0126985,-69.000
0.0127211,-63.000
0.0127438,-39.000
0.0127665,-4.000
0.0127892,14.000
0.0128118,-25.000
0.0128345,-16.000
0.0128572,-39.000
0.0128799,-34.000
0.0129025,-30.000
0.0129252,-10.000
0.0129479,0.000
0.0129706,-12.000
0.0129932,-31.000
0.0130159,-49.000
0.0130386,-33.000
0.0130613,-56.000
0.0130840,-42.000
0.0131066,-34.000
0.0131293,-26.000
0.0131520,-33.000
0.0131747,-53.000
0.0131973,-48.000
0.0132200,-55.000
0.0132427,-42.000
0.0132654,-48.000
0.0132880,-31.000
0.0133107,-34.000
0.0133334,-51.000
0.0133561,-37.000
0.0133787,-40.000
0.0134014,-36.000
0.0134241,-44.000
0.0134468,-53.000
0.0134694,-40.000
0.0134921,-34.000
0.0135148,-51.000
0.0135375,-42.000
0.0135601,-28.000
0.0135828,-25.000
0.0136055,-15.000
0.0136282,-27.000
0.0136508,-42.000
0.0136735,-47.000
0.0136962,-41.000
0.0137189,-40.000
0.0137416,-24.000
0.0137642,-10.000
0.0137869,-12.000
0.0138096,-32.000
0.0138323,-48.000
0.0138549,-20.000
0.0138776,-36.000
0.0139003,-24.000
0.0139230,-30.000
0.0139456,-39.000
0.0139683,-48.000
0.0139910,-50.000
0.0140137,-40.000
0.0140363,-22.000
0.0140590,-3.000
0.0140817,-15.000
0.0141044,-12.000
0.0141270,-28.000
0.0141497,2.000
0.0141724,-8.000
0.0141951,12.000
0.0142177,-2.000
0.0142404,-15.000
0.0142631,6.000
0.0142858,-28.000
0.0143084,-12.000
0.0143311,-13.000
0.0143538,16.000
0.0143765,17.000
0.0143991,22.000
0.0144218,7.000
0.0144445,-16.000
0.0144672,-4.000
0.0144899,-3.000
0.0145125,46.000
0.0145352,22.000
0.0145579,13.000
0.0145806,-23.000
0.0146032,-41.000
0.0146259,-5.000
0.0146486,4.000
0.0146713,18.000
0.0146939,-14.000
0.0147166,-7.000
0.0147393,5.000
0.0147620,11.000
0.0147846,53.000
0.0148073,36.000
0.0148300,4.000
0.0148527,-27.000
0.0148753,-25.000
0.0148980,11.000
0.0149207,19.000
0.0149434,24.000
0.0149660,20.000
0.0149887,15.000
0.0150114,-10.000
0.0150341,2.000
0.0150567,12.000
0.0150794,11.000
0.0151021,-4.000
0.0151248,-23.000
0.0151475,-25.000
0.0151701,-24.000
0.0151928,-5.000
0.0152155,-1.000
0.0152382,-17.000
0.0152608,-38.000
0.0152835,-50.000
0.0153062,-47.000
0.0153289,8.000
0.0153515,6.000
0.0153742,17.000
0.0153969,25.000
0.0154196,-35.000
0.0154422,-18.000
0.0154649,-18.000
0.0154876,0.000
0.0155103,26.000
0.0155329,7.000
0.0155556,-10.000
0.0155783,-25.000
0.0156010,-12.000
0.0156236,2.000
0.0156463,25.000
0.0156690,-7.000
0.0156917,-27.000
0.0157143,-22.000
0.0157370,-22.000
0.0157597,-1.000
0.0157824,-5.000
0.0158051,-2.000
0.0158277,-24.000
0.0158504,-1.000
0.0158731,31.000
0.0158958,24.000
0.0159184,31.000
0.0159411,-14.000
0.0159638,-27.000
0.0159865,-28.000
0.0160091,-8.000
0.0160318,17.000
0.0160545,11.000
0.0160772,10.000
0.0160998,-7.000
0.0161225,-8.000
0.0161452,-8.000
0.0161679,4.000
0.0161905,-13.000
0.0162132,-10.000
0.0162359,12.000
0.0162586,8.000
0.0162812,-4.000
0.0163039,-28.000
0.0163266,-9.000
0.0163493,-17.000
0.0163719,19.000
0.0163946,47.000
0.0164173,44.000
0.0164400,47.000
0.0164627,18.000
0.0164853,23.000
0.0165080,34.000
0.0165307,53.000
0.0165534,34.000
0.0165760,21.000
0.0165987,24.000
0.0166214,13.000
0.0166441,36.000
0.0166667,25.000
0.0166894,4.000
0.0167121,9.000
0.0167348,15.000
0.0167574,26.000
0.0167801,13.000
0.0168028,-19.000
0.0168255,-40.000
0.0168481,-34.000
0.0168708,1.000
0.0168935,19.000
0.0169162,24.000
0.0169388,23.000
0.0169615,-15.000
0.0169842,7.000
0.0170069,6.000
0.0170295,9.000
0.0170522,24.000
0.0170749,0.000
0.0170976,8.000
0.0171202,-1.000
0.0171429,14.000
0.0171656,9.000
0.0171883,-19.000
0.0172110,-30.000
0.0172336,-35.000
0.0172563,-14.000
0.0172790,28.000
0.0173017,12.000
0.0173243,-19.000
0.0173470,-42.000
0.0173697,-59.000
0.0173924,-25.000
0.0174150,-1.000
0.0174377,20.000
0.0174604,16.000
0.0174831,7.000
0.0175057,5.000
0.0175284,6.000
0.0175511,14.000
0.0175738,-8.000
0.0175964,-27.000
0.0176191,-15.000
0.0176418,-19.000
0.0176645,0.000
0.0176871,21.000
0.0177098,12.000
0.0177325,8.000
0.0177552,-11.000
0.0177778,1.000
0.0178005,-5.000
0.0178232,6.000
0.0178459,16.000
0.0178686,1.000
0.0178912,14.000
0.0179139,-8.000
0.0179366,1.000
0.0179593,-13.000
0.0179819,-21.000
0.0180046,-33.000
0.0180273,-29.000
0.0180500,0.000
0.0180726,-4.000
0.0180953,27.000
0.0181180,21.000
0.0181407,30.000
0.0181633,17.000
0.0181860,11.000
0.0182087,15.000
0.0182314,11.000
0.0182540,13.000
0.0182767,-3.000
0.0182994,-12.000
0.0183221,-9.000
0.0183447,-1.000
0.0183674,-19.000
0.0183901,-21.000
0.0184128,-34.000
0.0184354,-16.000
0.0184581,-26.000
0.0184808,1.000
0.0185035,6.000
0.0185262,-11.000
0.0185488,2.000
0.0185715,-13.000
0.0185942,-7.000
0.0186169,3.000
0.0186395,25.000
0.0186622,32.000
0.0186849,19.000
0.0187076,-26.000
0.0187302,-28.000
0.0187529,-19.000
0.0187756,15.000
0.0187983,28.000
0.0188209,14.000
0.0188436,-22.000
0.0188663,-49.000
0.0188890,-8.000
0.0189116,2.000
0.0189343,6.000
0.0189570,-15.000
0.0189797,-53.000
0.0190023,-37.000
0.0190250,-4.000
0.0190477,7.000
0.0190704,-5.000
0.0190930,-28.000
0.0191157,-34.000
0.0191384,-25.000
0.0191611,-7.000
0.0191838,10.000
0.0192064,11.000
0.0192291,-5.000
0.0192518,-15.000
0.0192745,-17.000
0.0192971,-11.000
0.0193198,-13.000
0.0193425,-24.000
0.0193652,-41.000
0.0193878,-36.000
0.0194105,-25.000
0.0194332,-18.000
0.0194559,20.000
0.0194785,-10.000
0.0195012,-39.000
0.0195239,-23.000
0.0195466,-4.000
0.0195692,35.000
0.0195919,21.000
0.0196146,-1.000
0.0196373,-26.000
0.0196599,-25.000
0.0196826,-13.000
0.0197053,5.000
0.0197280,18.000
0.0197506,-7.000
0.0197733,1.000
0.0197960,3.000
0.0198187,-10.000
0.0198414,3.000
0.0198640,-16.000
0.0198867,-35.000
0.0199094,-40.000
0.0199321,-32.000
0.0199547,-22.000
0.0199774,-13.000
0.0200001,23.000
0.0200228,3.000
0.0200454,17.000
0.0200681,12.000
0.0200908,15.000
0.0201135,12.000
0.0201361,-16.000
0.0201588,1.000
0.0201815,-1.000
0.0202042,39.000
0.0202268,42.000
0.0202495,7.000
0.0202722,0.000
0.0202949,-2.000
0.0203175,13.000
0.0203402,0.000
0.0203629,-2.000
0.0203856,7.000
0.0204082,20.000
0.0204309,4.000
0.0204536,-28.000
0.0204763,-2.000
0.0204990,-8.000
0.0205216,8.000
0.0205443,37.000
0.0205670,23.000
0.0205897,1.000
0.0206123,-17.000
0.0206350,-13.000
0.0206577,2.000
0.0206804,16.000
0.0207030,36.000
0.0207257,72.000
0.0207484,50.000
0.0207711,24.000
0.0207937,-6.000
0.0208164,-18.000
0.0208391,-11.000
0.0208618,-12.000
0.0208844,7.000
0.0209071,-23.000
0.0209298,6.000
0.0209525,7.000
0.0209751,-24.000
0.0209978,19.000
0.0210205,14.000
0.0210432,45.000
0.0210658,56.000
0.0210885,33.000
0.0211112,34.000
0.0211339,7.000
0.0211565,0.000
0.0211792,18.000
0.0212019,22.000
0.0212246,29.000
0.0212473,15.000
0.0212699,-22.000
0.0212926,6.000
0.0213153,8.000
0.0213380,34.000
0.0213606,21.000
0.0213833,9.000
0.0214060,13.000
0.0214287,5.000
0.0214513,50.000
0.0214740,32.000
0.0214967,14.000
0.0215194,-17.000
0.0215420,-23.000
0.0215647,17.000
0.0215874,48.000
0.0216101,49.000
0.0216327,31.000
0.0216554,1.000
0.0216781,-8.000
0.0217008,-1.000
0.0217234,24.000
0.0217461,48.000
0.0217688,24.000
0.0217915,-5.000
0.0218141,-53.000
0.0218368,-60.000
0.0218595,-32.000
0.0218822,0.000
0.0219049,15.000
0.0219275,-19.000
0.0219502,-10.000
0.0219729,-15.000
0.0219956,4.000
0.0220182,29.000
0.0220409,10.000
0.0220636,27.000
0.0220863,7.000
0.0221089,23.000
0.0221316,8.000
0.0221543,13.000
0.0221770,58.000
0.0221996,41.000
0.0222223,38.000
0.0222450,26.000
0.0222677,9.000
0.0222903,8.000
0.0223130,18.000
0.0223357,4.000
0.0223584,13.000
0.0223810,32.000
0.0224037,33.000
0.0224264,22.000
0.0224491,4.000
0.0224717,0.000
0.0224944,-10.000
0.0225171,-10.000
0.0225398,5.000
0.0225625,30.000
0.0225851,9.000
0.0226078,-5.000
0.0226305,12.000
0.0226532,13.000
0.0226758,46.000
0.0226985,23.000
0.0227212,-17.000
0.0227439,-11.000
0.0227665,7.000
0.0227892,62.000
0.0228119,53.000
0.0228346,34.000
0.0228572,-6.000
0.0228799,-30.000
0.0229026,-7.000
0.0229253,1.000
0.0229479,37.000
0.0229706,31.000
0.0229933,11.000
0.0230160,-28.000
0.0230386,-4.000
0.0230613,28.000
0.0230840,46.000
0.0231067,37.000
0.0231293,10.000
0.0231520,19.000
0.0231747,-15.000
0.0231974,-11.000


Third Octave Bands
Center Frequency (Hz), dB
396.8503,-36.001133
500.0000,-31.679186
629.9605,-32.910385
793.7005,-33.909737
1000.0000,-37.209473
1259.9210,-32.76024
1587.4010,-34.745403
2000.0000,-29.607826
2519.8420,-31.895868
3174.8020,-33.007442
4000.0000,-36.680454
5039.6841,-34.801918
6349.6040,-31.346731
8000.0000,-34.159733
10079.3682,-45.309494
12699.2080,-50.589245
16000.0000,-50.439438
